6
18
28
36
48
56
70
86
96
108
118
126
136
146
156
166
178
186
196
210
232
244
256
294
308
326
344
350
356
364
370
378
398
414
436
452
464
468
476
488
506
520
550
566
582
602
620
642
660
668
670
672
674
676
678
680
682
684
686
688
690
692
694
702
704
706
708
710
712
714
716
718
720
724
726
728
730
732
734
736
738
744
748
752
758
762
764
766
768
770
772
774
776
780
786
796
816
852
880
918
934
1012
1040
1128
1152
1190
1210
1224
1240
1250
1264
1274
1284
1294
1302
1308
1316
1332
1356
1374
1396
1422
1436
1452
1478
1496
1516
1524
1542
1572
1598
1608
1618
1640
1666
1688
1706
1718
1740
1760
1778
1794
1804
1812
1824
1846
1872
1908
1936
1958
1972
1986
1996
2008
2014
2030
2054
2084
2108
2132
2154
2168
2178
2188
2208
2228
2238
2256
2266
2274
2280
2288
2294
2302
2306
2310
2314
2318
2326
2330
2336
2344
2350
2356
2360
2364
2366
2368
2370
2372
2374
2376
2378
2380
2382
2384
2386
2388
2392
2394
2400
2404
2408
2410
2414
2416
2418
2420
2424
2428
2430
2434
2440
2444
2446
2448
2450
2454
2458
2464
2470
2474
2478
2484
2490
2492
2498
2500
2502
2508
2516
2520
2524
2526
2528
2530
2532
2534
2536
2538
2540
2542
2544
2546
2548
2550
2554
2562
2574
2582
2588
2590
2592
2594
2596
2598
2600
2604
2608
2612
2624
2646
2668
2672
2684
2696
2706
2714
2720
2726
2732
2738
2744
2750
2756
2764
2770
2774
2784
2794
2804
2814
2830
2846
2862
2874
2894
2908
2916
2926
2934
2944
2950
2952
2958
2964
2970
2978
2986
2992
3012
3020
3030
3044
3056
3062
