7
18
28
38
49
57
66
79
88
94
101
110
118
127
139
151
161
174
189
212
229
238
245
259
290
308
326
345
356
365
373
381
398
413
429
441
457
462
466
470
476
486
495
506
518
544
562
582
617
642
659
667
669
672
673
674
677
678
679
680
681
683
684
685
686
689
690
697
700
703
706
708
711
714
717
722
726
729
730
733
736
739
743
747
750
754
758
762
764
765
766
767
769
770
771
772
773
774
775
780
786
793
804
825
863
918
934
1011
1033
1096
1127
1152
1189
1208
1225
1240
1253
1265
1275
1285
1297
1307
1316
1326
1342
1355
1381
1419
1437
1457
1478
1496
1517
1529
1543
1571
1595
1607
1628
1643
1667
1694
1718
1740
1759
1777
1790
1799
1806
1825
1848
1872
1908
1926
1945
1958
1972
1985
1995
2007
2019
2029
2058
2073
2098
2120
2142
2155
2170
2180
2189
2209
2233
2259
2270
2277
2287
2295
2303
2310
2313
2315
2319
2325
2328
2332
2337
2347
2352
2357
2361
2364
2366
2368
2370
2373
2376
2379
2380
2381
2382
2384
2386
2392
2397
2402
2406
2410
2414
2417
2420
2423
2428
2430
2433
2437
2443
2447
2449
2452
2456
2459
2467
2475
2482
2489
2494
2499
2502
2508
2516
2522
2524
2526
2529
2532
2535
2538
2541
2544
2545
2547
2550
2555
2562
2573
2583
2588
2591
2593
2595
2597
2599
2602
2607
2610
2616
2632
2654
2666
2681
2695
2708
2716
2722
2726
2730
2734
2739
2744
2752
2760
2768
2775
2783
2795
2806
2817
2830
2843
2860
2872
2888
2902
2911
2921
2928
2933
2937
2940
2944
2950
2954
2959
2964
2971
2976
2985
2992
3012
3020
3030
3045
3055
3060
3063
