7
18
27
34
40
47
54
59
66
76
84
89
95
103
111
118
127
135
141
148
155
163
172
180
187
202
216
231
239
244
247
254
269
287
297
308
328
344
349
357
365
372
381
398
407
416
426
439
447
454
459
463
466
470
474
479
490
505
518
531
543
552
561
568
578
591
607
626
636
647
657
665
667
669
671
672
673
674
675
676
677
678
679
680
681
683
684
685
686
687
689
690
696
699
701
702
704
706
708
710
711
712
713
714
715
716
717
720
723
725
726
727
729
730
731
732
733
734
736
738
741
742
743
746
750
754
759
762
763
764
765
766
767
768
769
770
771
772
773
774
775
779
784
791
796
805
821
852
870
893
914
938
972
989
1017
1031
1051
1094
1118
1150
1173
1190
1208
1222
1233
1242
1250
1257
1265
1272
1277
1283
1290
1296
1302
1309
1316
1325
1333
1347
1355
1372
1388
1402
1408
1419
1437
1449
1462
1478
1496
1513
1520
1527
1534
1540
1551
1565
1577
1594
1601
1609
1614
1621
1631
1644
1667
1684
1697
1707
1715
1723
1737
1749
1762
1777
1786
1796
1802
1807
1813
1819
1832
1850
1870
1888
1909
1928
1939
1947
1955
1962
1974
1987
1997
2007
2014
2020
2029
2047
2055
2064
2079
2094
2105
2116
2132
2145
2155
2168
2176
2184
2192
2201
2215
2227
2238
2248
2257
2266
2271
2278
2288
2295
2300
2307
2309
2310
2313
2315
2317
2319
2321
2323
2327
2329
2331
2335
2342
2349
2353
2357
2360
2363
2365
2368
2369
2370
2372
2373
2375
2377
2379
2380
2381
2382
2383
2384
2385
2387
2390
2393
2396
2400
2403
2405
2409
2412
2415
2416
2418
2420
2421
2422
2425
2428
2429
2430
2433
2435
2437
2441
2444
2446
2448
2450
2451
2453
2456
2460
2464
2471
2475
2477
2482
2486
2489
2494
2497
2500
2501
2503
2508
2513
2518
2521
2523
2524
2526
2528
2529
2531
2533
2534
2535
2536
2537
2538
2539
2540
2541
2543
2544
2545
2546
2548
2549
2550
2555
2560
2565
2570
2578
2584
2588
2591
2593
2595
2598
2600
2602
2607
2610
2613
2619
2630
2639
2651
2660
2666
2674
2682
2690
2698
2704
2710
2716
2720
2723
2727
2730
2733
2736
2739
2742
2748
2756
2765
2769
2775
2782
2787
2795
2801
2807
2817
2827
2839
2849
2857
2865
2872
2877
2886
2893
2903
2911
2917
2923
2927
2931
2934
2937
2940
2944
2950
2954
2957
2960
2964
2968
2974
2979
2984
2989
2993
2998
3001
3012
3019
3024
3032
3037
3042
3048
3053
3057
3060
3063
