5
15
25
40
50
55
65
75
85
90
95
100
110
115
120
125
135
145
155
165
175
185
195
210
230
240
245
260
285
295
310
325
340
345
350
360
365
375
385
400
415
430
450
460
465
470
475
490
500
505
515
540
555
570
575
585
610
625
640
655
665
670
675
680
685
690
695
700
705
710
715
720
725
730
735
740
745
750
755
760
765
770
775
780
785
790
805
820
850
880
915
940
1005
1035
1060
1075
1115
1150
1165
1175
1195
1205
1220
1235
1245
1255
1265
1275
1285
1295
1300
1305
1310
1315
1320
1325
1340
1355
1370
1385
1405
1425
1450
1480
1505
1515
1520
1530
1540
1555
1575
1600
1610
1615
1625
1645
1675
1690
1705
1720
1740
1760
1775
1790
1795
1800
1805
1810
1815
1825
1840
1855
1870
1910
1935
1940
1955
1965
1980
1985
1990
2000
2005
2015
2020
2030
2045
2055
2075
2100
2115
2135
2155
2165
2180
2190
2210
2230
2245
2260
2270
2275
2280
2285
2290
2295
2300
2310
2315
2320
2325
2330
2335
2340
2345
2350
2355
2360
2365
2370
2375
2380
2385
2390
2395
2400
2405
2410
2415
2420
2425
2430
2435
2440
2445
2450
2455
2460
2465
2470
2475
2480
2485
2490
2495
2500
2505
2510
2515
2520
2525
2530
2535
2540
2545
2550
2555
2560
2565
2570
2575
2580
2585
2590
2595
2600
2605
2610
2620
2630
2655
2665
2680
2690
2700
2705
2715
2720
2725
2730
2735
2740
2745
2750
2755
2765
2770
2775
2785
2795
2805
2820
2830
2845
2860
2865
2875
2885
2900
2905
2910
2915
2920
2925
2930
2935
2940
2945
2950
2955
2960
2965
2970
2975
2980
2985
2990
2995
3000
3010
3020
3030
3040
3045
3055
3060
