0
5
12
23
27
43
56
81
109
119
122
125
132
139
143
147
149
151
155
156
158
160
164
168
174
179
183
189
192
210
219
221
234
244
248
254
266
274
278
287
299
315
327
346
352
354
362
365
373
378
382
390
409
414
439
442
462
466
469
479
489
498
507
517
539
561
568
573
588
602
603
607
612
621
631
644
672
705
719
724
732
743
754
762
769
772
783
794
803
822
827
847
852
858
866
873
881
898
914
955
967
972
974
978
994
1000
1009
1017
1032
1045
1053
1069
1075
1084
1087
1091
1097
1112
1129
1135
1152
1172
1189
1195
1204
1209
1218
1220
1231
1241
1262
1264
1267
1289
1311
1322
1330
1334
1341
1346
1353
1363
1369
1379
1389
1398
1422
1430
1443
1447
1450
1454
1463
1479
1491
1503
1508
1520
1525
1528
1544
1560
1563
1568
1572
1585
1596
1617
1628
1632
1637
1649
1664
1675
1683
1688
1692
1705
1721
1728
1741
1753
1763
1768
1778
1794
1803
1805
1808
1813
1816
1819
1823
1826
1830
1834
1842
1849
1859
1874
1877
1879
1895
1900
1909
1917
1926
1931
1934
1948
1954
1973
1978
1984
1989
1996
2007
2013
2033
2044
2060
2075
2091
2099
2107
2119
2125
2138
2140
2160
2172
2180
2200
2216
2220
2241
2253
2259
2269
2297
2314
2338
2345
2362
2388
2400
2409
2422
2456
2474
2486
2504
2519
2522
2525
2531
2541
2569
2574
2604
2623
2629
2643
2653
2677
2684
2705
2713
2729
2746
2767
2779
2802
2843
2858
2890
2906
2922
2938
2962
2987
3005
3017
3031
3045
3053
3080
3093
3094
3116
3124
3129
3133
3140
3144
3148
3157
3173
3209
3228
3245
3263
3278
3287
3294
3321
3343
3359
3366
3373
3379
3383
3386
3394
3398
3406
3413
3433
3450
3463
3470
3490
3499
3507
3520
3532
3561
3592
3608
3620
3632
3656
3672
3689
3693
3696
3698
3701
3712
3724
3739
3748
3754
3762
3766
3778
3790
3815
3822
3838
3846
3861
3876
3883
3899
3907
3913
3917
3921
3924
3926
3929
3931
3934
3937
3939
3942
3946
3949
3953
3957
3960
3963
3965
3968
3973
3978
3982
3986
3987
3992
3998
4001
4004
4008
4010
4013
4017
4020
4023
4025
4028
4033
4037
4048
4053
4057
4063
4067
4070
4073
4077
4080
4082
4087
4093
4100
4106
4110
4113
4117
4122
4128
4134
4142
4146
4152
4158
4162
4169
4173
4182
4193
4197
4206
4213
4221
4233
4248
4254
4270
4285
4302
4311
4320
4331
4335
4343
4352
4359
4371
4379
4402
4424
4435
4445
4452
4467
4487
