0
5
12
20
23
27
32
43
56
72
77
97
113
119
122
123
127
132
136
138
140
143
144
147
149
153
154
155
156
158
160
164
168
173
175
179
183
189
193
198
201
219
221
234
239
242
245
247
250
254
266
274
278
287
299
315
326
328
339
346
357
362
365
373
377
381
387
401
406
414
439
440
442
462
466
469
479
482
483
486
490
498
504
509
516
522
524
540
552
563
569
576
585
596
602
603
607
613
616
621
629
635
643
665
671
697
705
719
724
733
741
745
752
757
760
767
771
782
790
797
807
815
822
829
832
847
852
858
866
876
878
883
890
898
923
938
954
958
962
967
973
976
978
980
990
995
1000
1002
1008
1017
1032
1042
1045
1053
1069
1073
1082
1085
1089
1095
1099
1104
1113
1124
1129
1134
1136
1140
1150
1155
1156
1172
1179
1184
1189
1193
1199
1204
1208
1213
1220
1232
1236
1240
1243
1260
1264
1267
1287
1299
1300
1310
1322
1323
1324
1327
1331
1332
1335
1343
1350
1354
1363
1370
1377
1382
1386
1390
1398
1414
1420
1421
1430
1443
1444
1445
1450
1454
1459
1463
1470
1479
1491
1500
1503
1505
1512
1520
1524
1528
1537
1544
1547
1560
1563
1568
1570
1575
1578
1583
1591
1597
1608
1616
1625
1627
1629
1633
1643
1649
1653
1657
1676
1677
1683
1688
1692
1699
1709
1721
1729
1732
1739
1745
1753
1754
1763
1768
1778
1794
1803
1805
1808
1810
1813
1815
1816
1819
1823
1826
1830
1834
1842
1850
1853
1864
1866
1874
1877
1879
1883
1894
1909
1912
1913
1916
1917
1923
1926
1934
1946
1948
1954
1963
1970
1972
1978
1981
1985
1987
1993
1999
2003
2007
2015
2033
2043
2048
2059
2060
2072
2084
2089
2099
2109
2112
2120
2124
2132
2140
2144
2157
2162
2167
2169
2181
2196
2201
2220
2224
2233
2241
2251
2252
2254
2257
2274
2279
2282
2290
2292
2303
2311
2314
2326
2338
2350
2356
2362
2374
2381
2387
2400
2409
2419
2426
2434
2455
2466
2481
2486
2495
2500
2504
2519
2522
2523
2525
2529
2533
2541
2555
2569
2593
2604
2624
2629
2635
2643
2648
2652
2665
2672
2676
2684
2700
2708
2715
2729
2733
2748
2754
2762
2767
2771
2774
2782
2787
2794
2814
2817
2843
2854
2859
2879
2890
2902
2914
2922
2938
2962
2987
3004
3008
3017
3031
3045
3053
3073
3088
3097
3106
3116
3124
3129
3133
3139
3141
3145
3148
3156
3160
3179
3196
3200
3204
3213
3228
3236
3244
3248
3253
3263
3276
3283
3288
3294
3302
3314
3323
3343
3359
3363
3371
3375
3379
3383
3387
3388
3390
3394
3398
3404
3407
3410
3418
3429
3437
3439
3454
3463
3470
3478
3490
3499
3504
3509
3512
3519
3534
3540
3545
3552
3560
3564
3585
3592
3608
3620
3638
3647
3664
3672
3674
3688
3691
3695
3697
3700
3704
3716
3724
3733
3740
3749
3754
3757
3761
3766
3770
3778
3791
3792
3803
3815
3822
3838
3846
3851
3862
3873
3883
3888
3894
3899
3907
3911
3915
3919
3922
3924
3926
3927
3929
3932
3935
3937
3939
3940
3941
3943
3946
3948
3949
3951
3952
3955
3958
3961
3963
3964
3966
3968
3970
3974
3978
3982
3984
3986
3987
3988
3989
3994
3997
3999
4001
4003
4004
4008
4009
4010
4011
4013
4017
4019
4020
4023
4024
4028
4032
4037
4040
4043
4048
4055
4057
4061
4065
4067
4069
4071
4073
4075
4078
4080
4082
4088
4090
4093
4100
4106
4110
4111
4115
4118
4120
4121
4124
4127
4129
4134
4138
4142
4146
4152
4158
4165
4169
4173
4177
4182
4193
4198
4202
4210
4211
4221
4233
4241
4247
4248
4254
4266
4270
4283
4291
4302
4311
4320
4324
4331
4336
4339
4346
4350
4355
4359
4363
4371
4373
4378
4386
4398
4403
4416
4421
4435
4445
4452
4459
4472
4474
4482
4491
