0
6
11
17
24
28
34
37
41
50
61
69
87
94
100
120
136
154
170
189
237
249
259
268
280
296
310
344
375
384
393
420
431
457
466
469
478
491
500
510
521
536
563
572
598
602
604
605
609
611
612
613
614
615
617
619
621
622
624
625
627
634
637
640
645
649
655
659
683
695
705
712
745
754
762
779
787
795
828
881
918
923
950
988
1003
1009
1024
1051
1072
1085
1089
1098
1115
1137
1158
1180
1195
1250
1257
1265
1275
1290
1298
1306
1312
1320
1340
1361
1380
1401
1418
1440
1475
1503
1512
1526
1542
1558
1575
1604
1644
1666
1703
1727
1744
1765
1795
1809
1819
1838
1853
1864
1879
1888
1891
1894
1902
1908
1914
1919
1925
1929
1933
1937
1941
1949
1957
1958
1973
1982
1991
2003
2007
2014
2018
2024
2029
2038
2048
2053
2060
2070
2074
2079
2082
2085
2088
2091
2095
2098
2100
2102
2103
2105
2106
2108
2109
2110
2115
2118
2124
2126
2130
2133
2134
2136
2141
2150
2154
2159
2160
2164
2167
2172
2178
2183
2184
2188
2197
2200
2204
2208
2210
2212
2214
2218
2221
2223
2225
2229
2234
2236
2239
2241
2244
2245
2246
2247
2248
2250
2252
2253
2255
2257
2259
2260
2263
2267
2269
2271
2275
2278
2280
2283
2284
2286
2287
2288
2290
2292
2294
2296
2298
2301
2303
2304
2307
2308
2310
2312
2314
2316
2318
2321
2324
2325
2327
2331
2333
2335
2337
2339
2340
2347
2350
2352
2353
2355
2358
2360
2361
2364
2365
2367
2369
2370
2372
2374
2375
2377
2381
2382
2383
2385
2387
2389
2391
2395
2396
2398
2400
2401
2403
2404
2407
2409
2411
2416
2418
2420
2424
2426
2427
2428
2430
2433
2436
2440
2442
2444
2446
2448
2451
2455
2457
2460
2462
2463
2465
2468
2469
2472
2473
2474
2475
2481
2483
2486
2489
2490
2491
2492
2493
2494
2496
2498
2501
2502
2503
2505
2506
2507
2509
2510
2511
2512
2514
2517
2518
2519
2520
2523
2524
2525
2526
2527
2528
2529
2531
2533
2535
2536
2540
2541
2542
2543
2544
2545
2547
2548
2549
2550
2551
2552
2553
2554
2555
2556
2559
2561
2564
2565
2568
2571
2572
2573
