0
6
11
22
35
48
61
69
96
136
144
219
286
344
375
416
464
501
508
521
537
581
590
603
606
610
612
615
619
621
631
640
653
705
728
762
786
795
818
949
988
1010
1059
1115
1140
1191
1275
1298
1309
1318
1340
1372
1389
1480
1508
1526
1542
1607
1673
1744
1765
1810
1829
1870
1902
1908
1916
1924
1929
1936
1945
1957
1982
2010
2017
2027
2038
2065
2074
2080
2083
2087
2093
2097
2100
2102
2105
2108
2116
2124
2131
2134
2136
2142
2145
2156
2165
2167
2178
2184
2190
2197
2204
2209
2213
2217
2221
2225
2229
2234
2240
2246
2249
2252
2253
2256
2258
2267
2270
2275
2278
2281
2284
2288
2295
2300
2303
2307
2321
2327
2332
2336
2338
2340
2348
2350
2355
2358
2361
2363
2367
2372
2374
2377
2379
2384
2387
2390
2397
2404
2412
2422
2435
2437
2441
2445
2448
2453
2458
2461
2463
2465
2468
2474
2478
2483
2488
2491
2492
2495
2497
2501
2503
2505
2507
2509
2510
2516
2518
2520
2523
2526
2527
2531
2533
2538
2540
2543
2546
2548
2550
2553
2555
2556
2559
2561
2564
2566
2570
2572
