0
6
11
20
30
37
41
50
61
72
96
129
173
219
246
263
277
296
344
375
420
423
467
484
500
510
537
581
590
603
605
609
612
614
617
619
621
623
626
629
641
645
649
657
669
705
745
756
776
814
857
923
949
988
1010
1034
1059
1127
1195
1224
1257
1274
1298
1306
1311
1314
1320
1326
1340
1370
1389
1475
1492
1508
1526
1542
1607
1642
1666
1744
1765
1792
1819
1838
1853
1867
1882
1902
1908
1914
1921
1927
1932
1937
1945
1957
1973
1982
2007
2017
2027
2049
2055
2067
2074
2080
2085
2089
2093
2097
2100
2102
2105
2108
2110
2111
2114
2124
2134
2139
2150
2156
2164
2167
2170
2176
2184
2190
2197
2204
2209
2212
2217
2222
2225
2230
2234
2237
2241
2243
2247
2249
2253
2255
2258
2265
2270
2276
2280
2283
2287
2288
2290
2295
2297
2301
2303
2308
2310
2313
2319
2321
2327
2331
2333
2339
2340
2347
2351
2355
2359
2361
2364
2367
2371
2372
2374
2377
2381
2383
2385
2387
2391
2395
2397
2404
2407
2412
2416
2418
2420
2424
2426
2427
2428
2431
2433
2436
2440
2442
2444
2446
2449
2453
2457
2460
2463
2465
2468
2472
2475
2481
2488
2491
2492
2494
2496
2498
2501
2502
2503
2505
2507
2509
2510
2512
2515
2518
2520
2521
2525
2528
2529
2532
2536
2540
2541
2544
2546
2548
2550
2552
2553
2555
2556
2559
2561
2564
2566
2570
