0
6
11
17
24
30
37
42
56
69
96
120
129
173
210
219
248
263
280
296
344
375
386
420
423
467
486
494
503
510
536
563
590
602
604
608
611
612
613
614
617
621
622
625
629
635
640
653
669
705
745
762
773
782
795
828
923
949
988
1010
1034
1072
1098
1127
1191
1250
1257
1274
1298
1306
1316
1325
1340
1370
1389
1440
1475
1518
1542
1555
1604
1642
1658
1666
1697
1727
1744
1765
1795
1819
1841
1851
1870
1897
1901
1908
1916
1924
1931
1936
1945
1957
1982
2007
2017
2027
2049
2055
2065
2076
2081
2085
2089
2093
2097
2100
2102
2105
2108
2109
2115
2119
2127
2130
2132
2134
2136
2141
2156
2164
2170
2176
2184
2190
2197
2207
2209
2212
2215
2219
2222
2225
2229
2234
2238
2241
2246
2249
2253
2255
2258
2265
2269
2271
2276
2281
2284
2289
2294
2295
2298
2301
2303
2307
2308
2314
2319
2327
2331
2335
2339
2340
2344
2345
2350
2355
2358
2360
2362
2363
2365
2367
2372
2374
2377
2381
2383
2387
2391
2395
2397
2403
2405
2412
2416
2419
2421
2425
2427
2429
2433
2435
2438
2440
2442
2444
2447
2449
2451
2454
2457
2460
2462
2463
2465
2468
2473
2475
2481
2483
2486
2489
2491
2493
2497
2501
2502
2503
2505
2506
2510
2512
2515
2518
2520
2523
2526
2527
2528
2531
2534
2538
2541
2544
2545
2547
2549
2551
2554
2555
2556
2559
2561
2564
2566
2570
2572
